3.2655739784240723,-0.40834682896814306,-3.276597288356142,-0.0011478169810740576,46425.0,1.48261559009552,2.539010763168335,0.5517322421073914,0.0,1.5885508060455322,2.5218026638031006,0.46816152334213257,0.004950367937279585,0.0055828677082958664,-0.16831826206969336,0.003319214330986142,0.0012500811135396361,0.0005697609740309417,0.9999935626983643,0.9999962253393972,-0.0011312160044389496,0.0025039283753629433,0.0011478131525296505,0.9999773163779944,-0.006636961234746606,-0.0024963637404285606,0.006639810224392745,0.9999748402276227,0.006639879703311354,0.002496366333255707,0.0011478169810740576,0.38043704628944397,-0.1430312544107437,0.06576506048440933
3.285766124725342,-0.6909381908469071,-3.159301807638433,-0.0011622335548425102,46301.0,1.48261559009552,2.539010763168335,0.5517322421073914,0.0,1.5862610340118408,2.516777992248535,0.4704512357711792,0.0025369693873169984,-0.001014137542689709,-0.16708584297408904,0.0034368785563856363,0.00117470882833004,0.0005770816351287067,0.9999932646751404,0.9999965740720967,-0.0011460807709742656,0.00235336842331882,0.0011622300964225633,0.9999757096864738,-0.006872354635499789,-0.0023454349857629127,0.006875066246917834,0.9999736158513524,0.006875139318783145,0.0023454371361667273,0.0011622335548425102,0.39391642808914185,-0.1343836486339569,0.06659107655286789
3.3059370517730713,-0.7995716456194375,-2.9551039546772637,-0.0011998701556518389,46187.0,1.48261559009552,2.539010763168335,0.5517322421073914,0.0,1.581755518913269,2.5152175426483154,0.4725233316421509,-0.0009068327572348677,-0.004111435713032029,-0.16588587580283198,0.0034908249508589506,0.0011176574043929577,0.0005960360285826027,0.9999931454658508,0.9999967911662188,-0.0011842606971324832,0.0022394606196582457,0.0011998668812794786,0.9999749177664682,-0.006980269150420379,-0.0022311379905737487,0.006982933806526385,0.999973129968361,0.006983007938264809,0.0022311398416700627,0.0011998701556518389,0.4000968337059021,-0.12783490121364594,0.06874749809503555
3.3258001804351807,-1.0668279958044808,-2.8477973185594148,-0.0012913358455300887,46274.0,1.48261559009552,2.539010763168335,0.5517322421073914,0.0,1.579342246055603,2.5107157230377197,0.471546471118927,-0.002631355090668309,-0.010714922032817884,-0.16728217097879233,0.0035904846154153347,0.0010648617753759027,0.0006418475531972945,0.9999927878379822,0.9999969082022764,-0.0012760390916812551,0.002134317250183748,0.001291332570767404,0.9999733929042413,-0.007179550387849392,-0.002125099075244702,0.00718228430351336,0.999971948979622,0.007182362273121575,0.0021251006747555106,0.0012913358455300887,0.41151902079582214,-0.12175929546356201,0.07398808747529984
3.3458800315856934,-1.0766348241030361,-3.0297208305310868,-0.0013429669795416732,46510.0,1.48261559009552,2.539010763168335,0.5517322421073914,0.0,1.5829596519470215,2.510876417160034,0.46735242009162903,0.001042106371375387,-0.011426732957833339,-0.16915303795719033,0.0034034820273518562,0.0013914379524067044,0.0006667496636509895,0.999993085861206,0.9999952386912693,-0.0013240184589576346,0.0027873948252113766,0.0013429613926319865,0.9999759435132254,-0.006805060582566378,-0.002778317744458986,0.006808771545208294,0.9999729604247086,0.006808850434082545,0.0027783213188000964,0.0013429669795416732,0.3901183605194092,-0.15918609499931335,0.07694633305072784
3.366274118423462,-1.0766348241030361,-3.0297208305310868,-0.0013429669795416732,46517.0,1.48261559009552,2.539010763168335,0.5517322421073914,0.0,1.5829596519470215,2.510876417160034,0.46735242009162903,0.001042106371375387,-0.011426732957833339,-0.16915303795719033,0.0034034820273518562,0.0013914379524067044,0.0006667496636509895,0.999993085861206,0.9999952386912693,-0.0013240184589576346,0.0027873948252113766,0.0013429613926319865,0.9999759435132254,-0.006805060582566378,-0.002778317744458986,0.006808771545208294,0.9999729604247086,0.006808850434082545,0.0027783213188000964,0.0013429669795416732,0.3901183605194092,-0.15918609499931335,0.07694633305072784
3.3862810134887695,-1.2177945301681659,-3.1040363568943206,2.090687651555141e-05,46474.0,1.48261559009552,2.539010763168335,0.5517322421073914,0.0,1.585448980331421,2.5090715885162354,0.4685308337211609,0.0009504594429524693,-0.015984209302191934,-0.16916245644743325,0.0034819338470697403,0.0007224680157378316,-1.2969095223525073e-05,0.9999936819076538,0.9999989557435478,3.0969197937066695e-05,0.0014448365729461553,-2.0906854686456824e-05,0.9999757519372131,-0.006963842366721914,-0.0014450172030708753,0.006963804887696315,0.9999747083535507,0.006963868444048579,0.0014450177059553292,-2.090687651555141e-05,0.38718244433403015,-0.08911901712417603,-0.0014345558593049645
3.4064249992370605,-1.3118354942066415,-2.9431045020603404,0.00035073554473055,46055.0,1.48261559009552,2.539010763168335,0.5517322421073914,0.0,1.5808701515197754,2.507181406021118,0.4696630537509918,-0.00024963145090823533,-0.01789934752208525,-0.15565019817529513,0.0020183937158435583,7.008278771536425e-05,-0.00017550958727952093,0.9999979734420776,0.9999999285695793,0.0003513013526605983,0.00013945678859936776,-0.00035073553405932256,0.9999917905668492,-0.0040368036231591764,-0.00014087377831142536,0.004036754422357367,0.9999918423508825,0.004036765425905731,0.0001408737787773753,-0.00035073554473055,0.2246691882610321,-0.003008486470207572,-0.020203236490488052
3.4264559745788574,-1.453638609336751,-2.8867560245021924,-0.0006431774556051876,44972.0,1.48261559009552,2.539010763168335,0.5517322421073914,0.0,1.580413579940796,2.5043909549713135,0.4741103947162628,-0.002312466021551689,-0.020659368324536662,-0.12334718729697708,-0.0009427841287106276,-0.004928463604301214,0.00031693061464466155,0.9999873638153076,0.9999512196033064,-0.0006245602609054409,-0.009857400181623408,0.0006431461698387385,0.9999980214261578,0.0018824204561754966,0.009856204993018014,-0.001888668380130279,0.9999496428095194,-0.0018887612469491119,-0.009856364579800268,0.0006431774556051876,-0.10821804404258728,0.5647280216217041,0.03685135021805763
3.4465279579162598,-1.5316800185983408,-2.747284254812271,-0.001925169342772049,43777.0,1.48261559009552,2.539010763168335,0.5517322421073914,0.0,1.578845500946045,2.5022130012512207,0.4746374785900116,-0.00683347101034296,-0.021122766925720432,-0.08077585797929676,-0.006867770571261644,-0.011250253766775131,0.0008851538295857608,0.9999127984046936,0.9997452966169362,-0.0016156247643005356,-0.02251070076508418,0.0019246813734288297,0.9999041004718945,0.01371442529245932,0.02248638463437284,-0.013754258108405942,0.9996525310776552,-0.01375817079894134,-0.022488280058879144,0.001925169342772049,-0.7882850766181946,1.288483738899231,0.11030407249927521
3.466567039489746,-1.5195763271368634,-2.534398072980269,-0.002219604759965328,42634.0,1.48261559009552,2.539010763168335,0.5517322421073914,0.0,1.5767388343811035,2.5009281635284424,0.47451964020729065,-0.0142966321272737,-0.018573461866371852,-0.0386971018418034,-0.011672194115817547,-0.017817119136452675,0.0009013377712108195,0.9997727274894714,0.9993634757174589,-0.0013863360852084477,-0.035647180452020984,0.002218195570393416,0.9997258949519269,0.023306964001781692,0.03560509809467719,-0.023371200971017934,0.999092620308468,-0.023388161361815887,-0.03561262528990431,0.002219604759965328,-1.3400428295135498,2.0404531955718994,0.12717397511005402
3.4866461753845215,-1.5195763271368634,-2.534398072980269,-0.002219604759965328,42640.0,1.48261559009552,2.539010763168335,0.5517322421073914,0.0,1.5767388343811035,2.5009281635284424,0.47451964020729065,-0.0142966321272737,-0.018573461866371852,-0.0386971018418034,-0.011672194115817547,-0.017817119136452675,0.0009013377712108195,0.9997727274894714,0.9993634757174589,-0.0013863360852084477,-0.035647180452020984,0.002218195570393416,0.9997258949519269,0.023306964001781692,0.03560509809467719,-0.023371200971017934,0.999092620308468,-0.023388161361815887,-0.03561262528990431,0.002219604759965328,-1.3247519731521606,2.5267412662506104,0.1765999048948288
3.506834030151367,-1.0636544315767043,-2.7180570767553105,-0.003357084052781723,40826.0,1.48261559009552,2.539010763168335,0.5517322421073914,0.0,1.588341236114502,2.5051913261413574,0.4705768823623657,-0.022507842472335688,-0.001997029907279584,0.03281335612935434,-0.0112414276227355,-0.02320963889360428,0.0014162961160764098,0.9996663928031921,0.998918613492038,-0.002309828400245798,-0.04643563622807068,0.0033534663452605617,0.9997432488103144,0.022409612260567546,0.04637195146438736,-0.022541099151531904,0.9986698858814285,-0.022567289495789726,-0.046388586948824445,0.003357084052781723,-1.2842434644699097,2.6615049839019775,0.1924038529396057
3.5271620750427246,-0.8151589540229164,-2.109385135271398,-0.0033278734800924487,39663.0,1.48261559009552,2.539010763168335,0.5517322421073914,0.0,1.5797686576843262,2.5079264640808105,0.47377514839172363,-0.04012529159859906,0.006219714316506107,0.06980101364742912,-0.010946434922516346,-0.02400074154138565,0.001399785396642983,0.9996510744094849,0.9988440101166521,-0.0022731486360622463,-0.0480153751350933,0.0033240387629825813,0.9997564323485819,0.021818037123850643,0.04795408450161004,-0.02195242066182916,0.9986082800611552,-0.021979474769456053,-0.047972482702681916,0.0033278734800924487,-1.2522469758987427,2.739166021347046,0.19053971767425537
3.5472450256347656,-0.7073067334279161,-1.9012019580623938,-0.0035280911369840874,38493.0,1.48261559009552,2.539010763168335,0.5517322421073914,0.0,1.5800093412399292,2.508105754852295,0.4715341329574585,-0.05090634856768008,0.01132777589928263,0.11526360285708465,-0.01134258322417736,-0.02471937984228134,0.0014820575015619397,0.9996289610862732,0.9987735114803699,-0.002402252055134653,-0.04945403876565759,0.0035237785943795226,0.9997382986118087,0.022603479227403696,0.04938679732063373,-0.022750021402835628,0.998520596070297,-0.02277978663554183,-0.049406895579799236,0.0035280911369840874,-1.3051854372024536,2.830806255340576,0.20214472711086273
3.567399024963379,-0.5515405690876188,-1.9536437230310806,-0.004154536327406032,37093.0,1.48261559009552,2.539010763168335,0.5517322421073914,0.0,1.5858739614486694,2.509111166000366,0.47293326258659363,-0.057091644445695776,0.017678428312833887,0.16351419053010754,-0.013536859303712845,-0.02514570951461792,0.0017349570989608765,0.9995906949043274,0.9987293665870853,-0.002787705744349553,-0.05031780016298627,0.004149281307197211,0.9996274867730682,0.026975380486529563,0.050223856693737134,-0.027149887374392858,0.9983688936632414,-0.027187543426061996,-0.05024499510553292,0.004154536327406032,-1.5577315092086792,2.878826141357422,0.23803742229938507
3.5876190662384033,-0.57421862341146,-1.8517067866247856,-0.005072899599999295,36285.0,1.48261559009552,2.539010763168335,0.5517322421073914,0.0,1.5873302221298218,2.5053606033325195,0.47953271865844727,-0.06434215298102554,0.02223435212676113,0.18275486554424297,-0.015317077748477459,-0.02494657039642334,0.0021521097514778376,0.9995691180229187,0.9987460740950466,-0.0035381477844572515,-0.04993757092597822,0.005066582021516913,0.999521511104546,0.030513580352102384,0.04980571479610554,-0.030728331382297792,0.998286111505168,-0.030771370815664414,-0.04982632923504629,0.005072899599999295,-1.7531620264053345,2.8591148853302,0.29077184200286865
3.6076090335845947,-0.49056704120719613,-1.4182745455690253,-0.006148773173425007,36209.0,1.48261559009552,2.539010763168335,0.5517322421073914,0.0,1.5826385021209717,2.505713939666748,0.48194947838783264,-0.07897116296494705,0.025853376543689677,0.18173356789506195,-0.013765779323875904,-0.023269684985280037,0.0027517403941601515,0.9996306896209717,0.9989018994397487,-0.004860797294440274,-0.046597939281952376,0.006142098607970105,0.9996058625135027,0.027393324977563735,0.04644641988735116,-0.02764945349005668,0.9985380502521419,-0.02768286111291483,-0.046463135697093816,0.006148773173425007,-1.5861109495162964,2.6621413230895996,0.35229870676994324
3.6277079582214355,-0.5429281148570774,-1.0910882795985795,-0.0072900500592504875,36122.0,1.48261559009552,2.539010763168335,0.5517322421073914,0.0,1.579031229019165,2.5028622150421143,0.4826212525367737,-0.08987259713772615,0.02747483867506048,0.1835701965406736,-0.010049713775515556,-0.021306492388248444,0.0034285420551896095,0.9997166395187378,0.999068557035247,-0.00642689228489953,-0.0426698183622541,0.00728338881868711,0.9997744967223102,0.019947630209305026,0.04253199490766077,-0.020239831007438126,0.9988900733564055,-0.020259548402722018,-0.04254482854545385,0.0072900500592504875,-1.160786509513855,2.4376392364501953,0.4176890552043915
3.6477930545806885,-0.4837673421757762,-1.13203291847635,-0.008621705342816342,34990.0,1.48261559009552,2.539010763168335,0.5517322421073914,0.0,1.5829858779907227,2.502627372741699,0.48840799927711487,-0.09374734722346581,0.03087561419950039,0.21536094893334135,-0.006874654907733202,-0.021371738985180855,0.004161033779382706,0.9997393488883972,0.9990518692285243,-0.008026051003403416,-0.042789544240181346,0.008613744270525855,0.9998708498474579,0.013567867738309687,0.042675121565540416,-0.013923581816940958,0.9989919758780614,-0.013936728893879166,-0.04268808527250913,0.008621705342816342,-0.8069345951080322,2.452477216720581,0.49396950006484985
3.6678221225738525,-0.3229820211954674,-1.2088461757124436,-0.009991464687146318,34970.0,1.48261559009552,2.539010763168335,0.5517322421073914,0.0,1.5865247249603271,2.503770589828491,0.49054259061813354,-0.09526305995684052,0.03731586216649722,0.21305582364847608,-0.005049956496804953,-0.022050976753234863,0.004880752880126238,0.9997321963310242,0.9989798653855486,-0.009536178324565513,-0.044139436530535515,0.00998160420278887,0.9999013523847379,0.009881957129584592,0.044040846174999336,-0.010312458588240104,0.9989765047617766,-0.010322657487320017,-0.04405509552474603,0.009991464687146318,-0.5797940492630005,2.529238224029541,0.5726619958877563
3.6880881786346436,-0.5702863513507305,-0.7029177769066187,-0.011048719206686328,36019.0,1.48261559009552,2.539010763168335,0.5517322421073914,0.0,1.5791141986846924,2.5004642009735107,0.49451056122779846,-0.1092891289413006,0.029695575294779643,0.16971878111064753,-0.0034460516180843115,-0.021247226744890213,0.005447392351925373,0.999753475189209,0.9990377625493887,-0.010745660733538586,-0.04252152132404201,0.011038536892445694,0.9999169012900475,0.006658920166473212,0.042446433343514126,-0.007121888085966754,0.9990733601725679,-0.007128372889954378,-0.04245918964297786,0.011048719206686328,-0.4185216426849365,2.4327733516693115,0.632916271686554
3.707996129989624,-1.213093293292966,-0.19051033199061718,-0.011551655297416107,36860.0,1.48261559009552,2.539010763168335,0.5517322421073914,0.0,1.570705533027649,2.4886348247528076,0.4993193447589874,-0.12190938714190173,0.015023322852414301,0.13245794765197708,-0.0035269251093268394,-0.019230147823691368,0.005704796873033047,0.9997926354408264,0.9991953134921845,-0.011271580131957774,-0.03849255741807538,0.011542873270673642,0.9999100321924919,0.006832978667238333,0.03841207586049136,-0.007271794973637588,0.9992355245015807,-0.00727722987036311,-0.03842152822801074,0.011551655297416107,-0.41695451736450195,2.2013914585113525,0.6618610620498657
3.7280681133270264,-1.5240180936308456,0.8204776714455537,-0.01179116854537153,36763.0,1.48261559009552,2.539010763168335,0.5517322421073914,0.0,1.551538348197937,2.4825432300567627,0.5070722103118896,-0.14350669205909936,0.008021983776470835,0.12417044502564335,-0.004445337224751711,-0.01650610752403736,0.005819819401949644,0.9998369812965393,0.9993873562772233,-0.011490990068438525,-0.03305857317655063,0.011784490904133974,0.9998927373659048,0.008697099346802961,0.03295508894469394,-0.009081349578384485,0.9994155748248486,-0.009086409976394424,-0.03296105694101163,0.01179116854537153,-0.554333508014679,1.8740193843841553,0.6746302843093872
3.7481260299682617,-1.5240180936308456,0.8204776714455537,-0.01179116854537153,36767.0,1.48261559009552,2.539010763168335,0.5517322421073914,0.0,1.551538348197937,2.4825432300567627,0.5070722103118896,-0.14350669205909936,0.008021983776470835,0.12417044502564335,-0.004445337224751711,-0.01650610752403736,0.005819819401949644,0.9998369812965393,0.9993873562772233,-0.011490990068438525,-0.03305857317655063,0.011784490904133974,0.9998927373659048,0.008697099346802961,0.03295508894469394,-0.009081349578384485,0.9994155748248486,-0.009086409976394424,-0.03296105694101163,0.01179116854537153,-0.554333508014679,1.8740193843841553,0.6746302843093872
3.768681049346924,-1.4407883367390488,1.952079203540816,-0.012453058890089463,36413.0,1.48261559009552,2.539010763168335,0.5517322421073914,0.0,1.5299735069274902,2.482548952102661,0.5241985321044922,-0.16773617946303132,0.011443449129342564,0.11091155258357299,-0.005744775757193565,-0.012053271755576134,0.006155992392450571,0.9998919367790222,0.9996336448192188,-0.012172166830737222,-0.024174666493848366,0.012449140186159785,0.9998582026275848,0.011339909477636346,0.024033207319653273,-0.0116367088551852,0.9996434324062508,-0.011640333835108105,-0.024035521498146743,0.012453058890089463,-0.6565595269203186,1.3639785051345825,0.7137216925621033
3.7888360023498535,-1.123910137597338,2.2257746533139637,-0.012540250488580805,36374.0,1.48261559009552,2.539010763168335,0.5517322421073914,0.0,1.5246156454086304,2.487642526626587,0.5298829078674316,-0.17357537797216174,0.01946571446146646,0.10377238352049416,-0.006486996542662382,-0.010744637809693813,0.006199431139975786,0.9999020099639893,0.99969223962094,-0.012258246570600435,-0.02156760145874865,0.012537048286448194,0.9998389718573177,0.012839500596405188,0.021406738703789528,-0.0131059431677459,0.9996849432655028,-0.013109322568440884,-0.02140837397520525,0.012540250488580805,-0.7511088252067566,1.2266093492507935,0.7185034155845642
3.808742046356201,-1.0025383577081453,2.7875903315924853,-0.012726114255881708,36173.0,1.48261559009552,2.539010763168335,0.5517322421073914,0.0,1.5131213665008545,2.489035129547119,0.5385441184043884,-0.18448899114047443,0.023066879843261587,0.09795336316008828,-0.007803475484251976,-0.008410508744418621,0.0062969038262963295,0.9999143481254578,0.9997792246865175,-0.012461466752806336,-0.01691785245221175,0.012723991551808943,0.9997989095422167,0.015499694099690594,0.01672130151081546,-0.015711534761543543,0.9997367382222289,-0.01571437845781098,-0.016722080826886632,0.012726114255881708,-0.9003675580024719,0.9581046104431152,0.7291525602340698
3.8287460803985596,-0.9225562237744773,3.1340043973833267,-0.012771877822610885,36388.0,1.48261559009552,2.539010763168335,0.5517322421073914,0.0,1.505688190460205,2.489558219909668,0.5394853949546814,-0.19070721730031287,0.02605346419942214,0.08882640659498724,-0.00884688924998045,-0.0051026674918830395,0.006340755615383387,0.9999277591705322,0.9998675152098123,-0.012590309218917939,-0.010316789322634906,0.012770880149606352,0.9997630547455646,0.017627790162737512,0.010092405479368833,-0.01775720922862444,0.9997913906771005,-0.017759047113728898,-0.010092576816988297,0.012771877822610885,-1.0073257684707642,0.5657969117164612,0.7321193814277649
3.848823070526123,-1.0578045804929213,3.4147418371975617,-0.012929909014689562,36314.0,1.48261559009552,2.539010763168335,0.5517322421073914,0.0,1.5022410154342651,2.4886093139648438,0.5436075329780579,-0.19947711114173744,0.02050881232935573,0.08522485930269176,-0.008883509784936905,-0.0004934640019200742,0.006460778880864382,0.9999395608901978,0.9999160296613594,-0.012912009056559743,-0.0011016571094729466,0.012929543825238454,0.999758683186907,0.01775956893770149,0.0008720795461259686,-0.017772321584560997,0.9998416794986895,-0.017773264057430217,-0.0008720796566653933,0.012929909014689562,-1.0426324605941772,0.031702686101198196,0.7391883730888367
3.869101047515869,-1.5580783437436923,3.742734364045434,-0.013105124737281003,37136.0,1.48261559009552,2.539010763168335,0.5517322421073914,0.0,1.4894648790359497,2.4767372608184814,0.539860725402832,-0.1963736706820373,0.01306064618197646,0.06154387510230148,-0.008256963454186916,0.004152778070420027,0.006586856674402952,0.9999356269836426,0.9998787355151195,-0.01324144309285034,0.008196246061729962,0.013104285755106821,0.999776871762463,0.016567570241653385,-0.008413795786333444,-0.016458155233270235,0.999829153989212,-0.01645948099204853,0.008413895061011149,0.013105124737281003,-0.9520238637924194,-0.47389915585517883,0.7503963112831116
3.889228105545044,-1.497656443280359,3.7324194605063346,-0.013243538125928279,37704.0,1.48261559009552,2.539010763168335,0.5517322421073914,0.0,1.4888696670532227,2.4758336544036865,0.5388896465301514,-0.19499403833243667,0.01741795806006633,0.042866298125757915,-0.008087455295026302,0.007862238213419914,0.0066849058493971825,0.9999140501022339,0.9997869944918012,-0.013495833331764755,0.015614996885439745,0.0132414913358805,0.9997798102050764,0.01627863672127533,-0.015831252390536486,-0.016068403436019382,0.9997455565586498,-0.01607110921516716,0.015831913759108064,0.013243538125928279,-0.9033390879631042,-0.8970184326171875,0.7601525187492371
3.909337043762207,-1.3117294153711452,4.479780027260014,-0.013344829210961046,37987.0,1.48261559009552,2.539010763168335,0.5517322421073914,0.0,1.4698537588119507,2.479597806930542,0.5405592322349548,-0.20395109597929947,0.020549797216750165,0.030386380630198988,-0.008039556443691254,0.009895844385027885,0.006751156412065029,0.9998959302902222,0.9997129883053802,-0.013660023881134568,0.019681076217864683,0.013341791086901058,0.9997795748411621,0.016211056135197126,-0.019898181427458465,-0.01594382256524006,0.999674875596005,-0.015947655862375783,0.019899494734579505,0.013344829210961046,-0.9137795567512512,-1.1503275632858276,0.7645086050033569
3.9294140338897705,-1.2053841408208887,4.008413146951174,-0.013349338261587202,38784.0,1.48261559009552,2.539010763168335,0.5517322421073914,0.0,1.477198600769043,2.479480266571045,0.5424546003341675,-0.19147278552239252,0.02635650422085484,-0.0007607026844875123,-0.00821063295006752,0.011662758886814117,0.006769240368157625,0.9998753666877747,0.9996363148821408,-0.013728310573573535,0.0232114510026638,0.013345276046238289,0.9997735257841451,0.016577115201055908,-0.023433769993393118,-0.01626132312989596,0.9995931311258406,-0.016266507195395335,0.023435915266459828,0.013349338261587202,-0.9320021271705627,-1.3427789211273193,0.7648606896400452
3.949613094329834,-1.2679084861320054,3.818765596345801,-0.01330882069201562,39539.0,1.48261559009552,2.539010763168335,0.5517322421073914,0.0,1.4781224727630615,2.477456569671631,0.5423893332481384,-0.18333800069686457,0.026400391990742022,-0.027364309142026356,-0.009149638004601002,0.014248555526137352,0.00678298668935895,0.9998336434364319,0.9995019395441965,-0.013824454001636136,0.02836824490422531,0.013302977532661568,0.9997405504476533,0.018489526207796595,-0.02861649238035578,-0.018102935181344,0.9994265256143972,-0.01811134214962518,0.02862039951194172,0.01330882069201562,-1.0191129446029663,-1.6292957067489624,0.7642519474029541
3.9701690673828125,-1.141138126742997,3.683296697076359,-0.013147568365730975,40170.0,1.48261559009552,2.539010763168335,0.5517322421073914,0.0,1.4774154424667358,2.478861093521118,0.5427416563034058,-0.1755985584413323,0.03075127945003193,-0.05011006657622565,-0.010051658377051353,0.016649575904011726,0.00673870462924242,0.9997881650924683,0.9993547629832511,-0.013809265564789288,0.03315662659637088,0.013139842188039362,0.9997071080561966,0.02032345072052281,-0.033427567215749715,-0.019874664436845792,0.9992435115944258,-0.019887088601004035,0.03343379568793019,0.013147568365730975,-1.1099209785461426,-1.9147392511367798,0.7559735178947449
3.990403175354004,-0.6420937075972146,4.28417091872838,-0.012919186102556152,40769.0,1.48261559009552,2.539010763168335,0.5517322421073914,0.0,1.460343599319458,2.4871914386749268,0.5356682538986206,-0.18036792887520875,0.04285965745714482,-0.06046221047002957,-0.010838781483471394,0.019552502781152725,0.006668178830295801,0.9997278451919556,0.9991464700595094,-0.013756578598486485,0.03894981274519205,0.012908877385385768,0.9996761124168702,0.02193242229536309,-0.039238912475640014,-0.021410903959355094,0.9990004409104994,-0.021429046132484284,0.03924898876693123,0.012919186102556152,-1.2277939319610596,-2.2488012313842773,0.7402148246765137
4.010260105133057,-0.4472541872409328,4.676441090376086,-0.012815959175015997,41719.0,1.48261559009552,2.539010763168335,0.5517322421073914,0.0,1.4478172063827515,2.489943027496338,0.5332399010658264,-0.18131868499074386,0.048244158772208716,-0.09040790463626774,-0.010734583251178265,0.021609030663967133,0.0066358232870697975,0.9996868371963501,0.9989780312739698,-0.013731418428797881,0.0430620619561683,0.012803562663196207,0.9996814691396615,0.021749230834620586,-0.04334699314962014,-0.02117565599223015,0.9988356370185164,-0.021197165544732874,0.04336057919769546,0.012815959175015997,-1.2145079374313354,-2.4843780994415283,0.7343003153800964
4.030320167541504,-0.9092720534923213,4.970784759187943,-0.012784497439285319,42364.0,1.48261559009552,2.539010763168335,0.5517322421073914,0.0,1.4373223781585693,2.4804341793060303,0.5300365686416626,-0.17999789580561337,0.03922762573410587,-0.10860136324177333,-0.009525971487164497,0.0220097117125988,0.006597552448511124,0.9996906518936157,0.9989440898882788,-0.01361034944506727,0.04388010557486766,0.012771693983003185,0.9997314563643416,0.019336467837669825,-0.0441314979360875,-0.018755626985410973,0.9988496570286748,-0.018775020851919972,0.04414583550944308,0.012784497439285319,-1.0993258953094482,-2.5462961196899414,0.7298799753189087
4.05116605758667,-1.0630402517289144,5.355432611225657,-0.012864412260049115,42073.0,1.48261559009552,2.539010763168335,0.5517322421073914,0.0,1.4242653846740723,2.476430654525757,0.5318963527679443,-0.1795404150130239,0.03727791882766422,-0.10100713573203593,-0.00846379529684782,0.021892383694648743,0.006613091565668583,0.9997026324272156,0.9989539811107109,-0.013592835421284921,0.043659803575729385,0.012851664803608907,0.9997692623779012,0.017212109577938225,-0.04388369098921705,-0.01663300422524851,0.9988981754090883,-0.016649812389867565,0.043897788252889466,0.012864412260049115,-0.9539640545845032,-2.51515793800354,0.7370765209197998
4.071022033691406,-0.7787195173874325,5.517791517852579,-0.01296862127449689,41739.0,1.48261559009552,2.539010763168335,0.5517322421073914,0.0,1.4142885208129883,2.480543375015259,0.5307242274284363,-0.17287084025977179,0.045190573408218304,-0.08713206021172284,-0.007628123741596937,0.023114748299121857,0.006655612029135227,0.9996815919876099,0.9988428225513694,-0.013659629126199252,0.04611323421479344,0.012954340529076718,0.9997950291261893,0.015559074394668384,-0.04631631353066031,-0.014943703245741801,0.9988150403524332,-0.014960315744288155,0.04633288916968969,0.01296862127449689,-0.8549322485923767,-2.6479945182800293,0.7433587312698364
4.090967178344727,0.06481668131475768,5.443384957584538,-0.013023081437940915,42381.0,1.48261559009552,2.539010763168335,0.5517322421073914,0.0,1.411547303199768,2.4959330558776855,0.5255743861198425,-0.1655859422740598,0.06431273809201317,-0.10187332307520197,-0.007527469657361507,0.025748804211616516,0.006699074525386095,0.9996176958084106,0.9985842430763233,-0.01378067247714168,0.05137706244778964,0.013005379168794939,0.9997969192181834,0.01539416884749146,-0.051578770752725406,-0.014704196268649017,0.9985606726782958,-0.014724326727375269,0.05160166794062668,0.013023081437940915,-0.8436416983604431,-2.9565577507019043,0.7461675405502319
4.110939979553223,0.7019871966300029,5.2024677367963275,-0.013157360713098266,41923.0,1.48261559009552,2.539010763168335,0.5517322421073914,0.0,1.4108844995498657,2.506777048110962,0.5260741710662842,-0.15296603718131907,0.08002445584651421,-0.08559134710147917,-0.008482374250888824,0.029157094657421112,0.0068178861401975155,0.9995155930519104,0.9982067605035955,-0.01412380992021934,0.0581702783064944,0.013134524355669756,0.999763131509202,0.01735411031612397,-0.05840160575590209,-0.016558951302887395,0.9981558263001227,-0.01658802367103818,0.0584348556700758,0.013157360713098266,-0.9504236578941345,-3.3480701446533203,0.7538612484931946
4.131009101867676,0.6672394343999115,4.992192314048362,-0.013471795522927101,40891.0,1.48261559009552,2.539010763168335,0.5517322421073914,0.0,1.4100382328033447,2.504574775695801,0.5315849781036377,-0.14117036143912923,0.08165033756569015,-0.05627399086426796,-0.009438696317374706,0.032889224588871,0.007035790476948023,0.9993896484375,0.9977375930302673,-0.014683855708916154,0.0656054863230843,0.013442130049491175,0.9997228173178068,0.019328674912672286,-0.0658711210918809,-0.018403068104719148,0.9976584197461734,-0.018444169730416963,0.06591885019379735,0.013471795522927101,-1.0483124256134033,-3.7866337299346924,0.7727687954902649
4.151180028915405,0.8402132862794407,4.978634540891869,-0.013746011917905619,40623.0,1.48261559009552,2.539010763168335,0.5517322421073914,0.0,1.4024921655654907,2.508145570755005,0.5426057577133179,-0.12930053334747454,0.08488277325189139,-0.0629675786278293,-0.00848306342959404,0.034510526806116104,0.007153820246458054,0.9993427395820618,0.9975156928582785,-0.014883746219193118,0.06885431431618012,0.01371272629941718,0.9997537209881421,0.017448739433022328,-0.06909705955325411,-0.016461211038283016,0.9974741224173423,-0.016501397413021077,0.06915216089518875,0.013746011917905619,-0.9528284072875977,-3.951747417449951,0.7868457436561584
4.171151161193848,1.0320958699573473,4.392686682889982,-0.014364146623093588,39721.0,1.48261559009552,2.539010763168335,0.5517322421073914,0.0,1.4071576595306396,2.5111379623413086,0.540009081363678,-0.10716601358257002,0.0902539197642078,-0.02692546413829236,-0.006042989436537027,0.034883059561252594,0.007379930466413498,0.9993458986282349,0.9974574176504749,-0.015171801891913644,0.06963128895402386,0.014328610078848678,0.9998180378161564,0.012592942097029908,-0.06980967631535441,-0.011563203916015556,0.9974933089539709,-0.01159174291942323,0.06986650266573284,0.014364146623093588,-0.6617286205291748,-3.9962291717529297,0.8233749270439148
4.191321134567261,0.26284220530616265,4.316099635506146,-0.015089126570616437,39868.0,1.48261559009552,2.539010763168335,0.5517322421073914,0.0,1.402597188949585,2.4968245029449463,0.5367595553398132,-0.09595110853587328,0.07316381940052775,-0.027340832473802958,-0.001973017817363143,0.03482088819146156,0.007599513046443462,0.9993627667427063,0.9974595064952464,-0.015326744019680033,0.06956740486761524,0.015051935110173326,0.9998767092140637,0.004472764323524384,-0.06962738076144058,-0.0034142772309616763,0.9975672260851854,-0.0034225902875680255,0.06968376245032946,0.015089126570616437,-0.23498786985874176,-3.9875121116638184,0.8598955869674683
4.211435079574585,0.8007243167089,3.7513195559081693,-0.015458091938038484,40233.0,1.48261559009552,2.539010763168335,0.5517322421073914,0.0,1.4076753854751587,2.5074539184570312,0.5272610783576965,-0.07575212047969643,0.08446740295834688,-0.02611326807570056,-7.1632195613347e-05,0.03449767082929611,0.007717637810856104,0.9993749856948853,0.9975006975939097,-0.015430570357689483,0.06895111165238609,0.015420685782251062,0.9998808658730888,0.0006756558940648403,-0.06895332297771077,0.0003893062014652405,0.9976198111961354,0.0003902350147165248,0.06900808067626377,0.015458091938038484,0.034523312002420425,-3.967959403991699,0.8870660662651062
4.2313501834869385,1.414350641067354,3.9176457184436786,-0.015718337662826553,40085.0,1.48261559009552,2.539010763168335,0.5517322421073914,0.0,1.3976467847824097,2.5196352005004883,0.5307066440582275,-0.0695163967871976,0.09669332315114154,-0.025882090978739777,0.0008197790593840182,0.034745071083307266,0.007816356606781483,0.9993653297424316,0.9974633693357549,-0.015565824258062907,0.0694588507573426,0.015679757379161302,0.9998764650695215,-0.001095357753698626,-0.0694332200167494,0.0021816771633427815,0.9975842161155422,0.0021869569004167163,0.0694891306652814,0.015718337662826553,0.13767245411872864,-3.995764970779419,0.9019927978515625
4.251444101333618,1.112037750730492,3.16592611266529,-0.015731352755166995,39486.0,1.48261559009552,2.539010763168335,0.5517322421073914,0.0,1.4068024158477783,2.515014410018921,0.5298840403556824,-0.04543161426973938,0.08909942503735473,-0.003204148017498586,0.000883720931597054,0.03503884747624397,0.0078201275318861,0.9993549585342407,0.9974222495183559,-0.015568237490861631,0.07004631430111637,0.01569209574391754,0.9998761292840793,-0.0012182852912258585,-0.07001867105927086,0.0023143183262512796,0.9975429963835034,0.002320014457915808,0.07007601007250791,0.015731352755166995,0.1329270303249359,-4.015059471130371,0.901340126991272
4.271507024765015,1.1606725878262814,1.8854904145761116,-0.015477518935864229,39117.0,1.48261559009552,2.539010763168335,0.5517322421073914,0.0,1.4250104427337646,2.5143086910247803,0.5298913717269897,-0.008753688747947058,0.09362070923962568,0.010142506805943769,0.0008378011989407241,0.03577503189444542,0.007693834137171507,0.9993299245834351,0.9973219041471771,-0.01531741191058622,0.07151500821932627,0.015437301363276423,0.9998802060166,-0.0011239852405814455,-0.0714892246067074,0.00222497383424894,0.9974388904873164,0.0022306831676773197,0.07155025851818585,0.015477518935864229,0.12789684534072876,-4.066100120544434,0.886956512928009
4.2916741371154785,1.7526826392352557,1.801468941048231,-0.015275659608540004,39897.0,1.48261559009552,2.539010763168335,0.5517322421073914,0.0,1.4232922792434692,2.5291008949279785,0.5244740843772888,-0.0024165889578800772,0.10111283218756133,-0.009547088812108764,0.0023910163436084986,0.03510548174381256,0.007539674174040556,0.9993523359298706,0.9974215170582355,-0.01490170569231157,0.07020154183996165,0.015237456797982347,0.9998748727146219,-0.004249567536595966,-0.0701294319068519,0.005308303060131143,0.9975237765081312,0.005321430003857606,0.07018704386427282,0.015275659608540004,0.30489546060562134,-4.021421909332275,0.8752307295799255
4.311735153198242,2.1007901874895625,1.2203880021760876,-0.015426368242150545,40035.0,1.48261559009552,2.539010763168335,0.5517322421073914,0.0,1.4294960498809814,2.5370395183563232,0.5209326148033142,0.017046856664217968,0.10704260816315993,-0.00909233625564236,0.003978020511567593,0.03483652323484421,0.007560476195067167,0.9993565082550049,0.9974585116956742,-0.014834061383180601,0.0696883639406939,0.015388382999438264,0.9998540291049377,-0.007424159971669217,-0.06956806102309575,0.008477682790855416,0.997541184001936,0.00849837463660153,0.06962429852018967,0.015426368242150545,0.4869210124015808,-3.98917818069458,0.8838657736778259
4.331794023513794,2.342323142168404,0.977054643673089,-0.015667580726765724,39697.0,1.48261559009552,2.539010763168335,0.5517322421073914,0.0,1.428990125656128,2.5430076122283936,0.5273910760879517,0.029756608592272877,0.1103411365688889,-0.00677822118859576,0.004704664461314678,0.03409779444336891,0.007659639697521925,0.9993780851364136,0.9975573407178855,-0.014988914435490728,0.06822524770131676,0.015630589149189696,0.9998383921073478,-0.008881123298466966,-0.06808110356559831,0.009925830556627343,0.997630413141586,0.0099490782595693,0.06813380663457551,0.015667580726765724,0.5700401663780212,-3.903779983520508,0.897686243057251
4.352023124694824,2.170905522705067,0.17933529453462474,-0.01540939168843976,39735.0,1.48261559009552,2.539010763168335,0.5517322421073914,0.0,1.4412728548049927,2.541316032409668,0.5358014702796936,0.0513758522811731,0.10493631860374115,-0.02114836031991541,0.005808659363538027,0.03150450438261032,0.0075102089904248714,0.9994585514068604,0.9979021260833288,-0.014646286250835559,0.06306213648006821,0.01537828193450775,0.9998197124878953,-0.01113781690302081,-0.06288763950980318,0.012084238481634198,0.9979474515109521,0.012108501181565479,0.06292916537334035,0.01540939168843976,0.6798174977302551,-3.603578567504883,0.881571352481842
4.372198104858398,1.7397211395229117,-0.9640448060233453,-0.01569016848223025,38830.0,1.48261559009552,2.539010763168335,0.5517322421073914,0.0,1.4604805707931519,2.5350492000579834,0.5429407358169556,0.08003406623812467,0.0936739649279642,-8.247952544297114e-05,0.007050800137221813,0.028279442340135574,0.007636338472366333,0.9995460510253906,0.9982839190584633,-0.01486695760872436,0.05664089088932178,0.01566452834266366,0.9997839451178085,-0.013663295227457135,-0.05642552171737138,0.014527100747608206,0.9983011188227685,0.014550795552525682,0.056455506331209174,0.01569016848223025,0.8193000555038452,-3.244649648666382,0.8977532982826233
4.392155170440674,1.437674508560817,-1.835052813705434,-0.01595424676833351,39054.0,1.48261559009552,2.539010763168335,0.5517322421073914,0.0,1.4749726057052612,2.5314199924468994,0.5389924049377441,0.10205863821010382,0.08472451530602364,-0.0024106757708821005,0.008828180842101574,0.025600790977478027,0.007743449881672859,0.999603271484375,0.9985692769685892,-0.015028738863919791,0.05131799004821833,0.015932772514936706,0.9997242044135272,-0.01725288004153284,-0.05104454774426164,0.018045833810061303,0.9985333254467191,0.018070372904313445,0.05106674025970962,0.01595424676833351,1.0605525970458984,-2.911548614501953,0.91605144739151
4.412184000015259,1.5072703984944784,-2.051378465978166,-0.01636546414476621,38118.0,1.48261559009552,2.539010763168335,0.5517322421073914,0.0,1.4760788679122925,2.534626007080078,0.5528768301010132,0.11112696751502024,0.08360907514493778,0.009877747934287823,0.011103621684014797,0.022809946909546852,0.007923445664346218,0.999646782875061,0.9988338507264091,-0.015334747040512702,0.045779735432362294,0.016347839068652944,0.9996278572092946,-0.021837931425380073,-0.045427819679564475,0.022560864884965403,0.9987128318865255,0.022586100523657865,0.04544345900616831,0.01636546414476621,1.307712197303772,-2.620753765106201,0.9386481046676636
4.432218074798584,1.5922003436430852,-2.651495618918286,-0.016829536524943817,38075.0,1.48261559009552,2.539010763168335,0.5517322421073914,0.0,1.4858665466308594,2.538705587387085,0.5542044043540955,0.12633983534287704,0.08228757381220166,0.009207824468885262,0.012737779878079891,0.019985787570476532,0.008155708201229572,0.9996858835220337,0.999068105497518,-0.015797142580763205,0.04016678807028462,0.016815440766612216,0.999542466804324,-0.02514155935003452,-0.039751245633623575,0.025793552314673337,0.9988766345898604,0.025816823246822912,0.03976172198296327,0.016829536524943817,1.4832836389541626,-2.266606330871582,0.9644109010696411
4.4523279666900635,1.0571420948687704,-2.9077872705421925,-0.017218553982481146,37258.0,1.48261559009552,2.539010763168335,0.5517322421073914,0.0,1.4892958402633667,2.5310869216918945,0.5675255656242371,0.13443735845019825,0.06723830255716065,0.017937433110881564,0.013426271267235279,0.015633733943104744,0.008396881632506847,0.999752402305603,0.9993701575164021,-0.016369798812118117,0.03148520211928878,0.017209409779873296,0.9994984552634639,-0.02658334329947908,-0.031034246900321128,0.027108441725785973,0.9991506432498203,0.02712483165452078,0.03103923070112081,0.017218553982481146,1.5411933660507202,-1.7877427339553833,0.9860026240348816
4.472660064697266,0.8023210282264467,-3.1235013879651166,-0.01741343890127938,37664.0,1.48261559009552,2.539010763168335,0.5517322421073914,0.0,1.4927310943603516,2.528804063796997,0.565997838973999,0.14027961217671087,0.05813942606057255,0.005264161466036957,0.012704544700682163,0.009850233793258667,0.008580910041928291,0.9998340010643005,0.9996586817863147,-0.01690868417504358,0.01991522856299186,0.01740925507001265,0.9995299250979122,-0.02523582120061279,-0.019479162383296028,0.02557391704903044,0.9994831349250544,0.025581560358612344,0.01948039444865921,0.01741343890127938,1.4758251905441284,-1.0914613008499146,0.9979462027549744
