31.213247060775757,-2.602780127005846,-0.6003806110665032,-0.022217982368499995,42331.0,1.5703188180923462,2.7391324043273926,0.4048917889595032,0.0,1.6767381429672241,2.652560234069824,0.39201927185058594,-0.12672617746466566,0.00041827596217235857,-0.1282158863410972,0.005151060875505209,0.006338500417768955,0.011075600050389767,0.9999053478240967,0.9996743090191634,-0.02208380159360105,0.012789902041548855,0.02221440158873618,0.9997015953356898,-0.0101607403928553,-0.012561697700243681,0.01044155115158229,0.9998665799797674,0.010442564855535037,0.01256202808850113,0.022217982368499995,0.5985634922981262,-0.7204079031944275,1.2726670503616333
31.233492136001587,-2.5886237934777125,-0.6295116318333771,-0.022214530233212893,42260.0,1.5703188180923462,2.7391324043273926,0.4048917889595032,0.0,1.6772111654281616,2.652958393096924,0.39314162731170654,-0.12599568886251156,0.0005609198082427186,-0.1273319351664369,0.005184017587453127,0.006346120499074459,0.011073625646531582,0.9999051094055176,0.9996742031393958,-0.02207935292039366,0.012805848360435983,0.02221094652147349,0.9997010015534717,-0.01022650221755196,-0.01257622488006722,0.010507600468330264,0.9998657054325665,0.01050862492775283,0.012576556415953904,0.022214530233212893,0.601416826248169,-0.720175564289093,1.2728886604309082
31.25352120399475,-2.4286230237869515,-0.664102441885461,-0.022258327115767543,42402.0,1.5703188180923462,2.7391324043273926,0.4048917889595032,0.0,1.6758465766906738,2.6566808223724365,0.39078813791275024,-0.12239210981219208,0.003015330451301805,-0.1288181917305812,0.005124491639435291,0.006343219894915819,0.011095911264419556,0.9999051690101624,0.9996732886171024,-0.022124707317814265,0.012798959003314014,0.022254730431884782,0.9997012406662786,-0.010107244120295662,-0.012571515376898618,0.010388779351019334,0.9998670062886984,0.010389787309825597,0.012571846540449717,0.022258327115767543,0.5954201817512512,-0.7198788523674011,1.274557113647461
31.273728132247925,-2.5533121980340807,-0.7052325844678561,-0.022356024372560176,42356.0,1.5703188180923462,2.7391324043273926,0.4048917889595032,0.0,1.674863338470459,2.6550679206848145,0.3913004696369171,-0.11871010496362824,-0.000748738473589399,-0.12789247029343548,0.005174631252884865,0.006315235514193773,0.011144590564072132,0.9999045729637146,0.9996718318083502,-0.02222169575329439,0.012744603830078244,0.022352411811454972,0.9996980425899252,-0.01020751331536246,-0.012513927247221597,0.010489036167360272,0.999866681985719,0.010490049935305647,0.012514253880351992,0.022356024372560176,0.6012417674064636,-0.7189356684684753,1.2793253660202026
31.29374599456787,-2.6757531895918105,-0.9177426454924923,-0.022342239296759665,42486.0,1.5703188180923462,2.7391324043273926,0.4048917889595032,0.0,1.677503228187561,2.653532028198242,0.3887377083301544,-0.11191206803454776,-0.004328568905677229,-0.12866485985147533,0.005267833359539509,0.006321575492620468,0.011137081310153008,0.9999041557312012,0.9996720062285411,-0.022205424255557073,0.012759274925885375,0.02233862827161016,0.9996964307236997,-0.01039384843250084,-0.012524601787938369,0.010675464014538122,0.9998645752391311,0.01067650425047451,0.012524929257688132,0.022342239296759665,0.613621175289154,-0.7242845296859741,1.2773526906967163
31.31428813934326,-2.665696725125136,-0.9348056567246357,-0.022883474321143914,42677.0,1.5703188180923462,2.7391324043273926,0.4048917889595032,0.0,1.6760063171386719,2.6544110774993896,0.3858760595321655,-0.10875344911057139,-0.005098463292154565,-0.13110920111732627,0.0049977716989815235,0.006603776477277279,0.011407887563109398,0.9999006390571594,0.9996525004805474,-0.02274749944298849,0.013320268468774843,0.022879516109684167,0.9996897647635843,-0.009843879799959975,-0.013092212401870877,0.010145220353476593,0.9998628248306882,0.010146264027676618,0.01309258644473817,0.022883474321143914,0.608113169670105,-0.7260763645172119,1.292005181312561
31.334300994873047,-2.817250125243193,-1.2731966955573888,-0.02203600837370888,42251.0,1.5703188180923462,2.7391324043273926,0.4048917889595032,0.0,1.6812183856964111,2.652322769165039,0.38477519154548645,-0.09960117599425172,-0.009211159371289189,-0.11418805837176596,0.004736573435366154,0.0068411617539823055,0.010984736494719982,0.9999050498008728,0.9996650681432353,-0.021902579441631216,0.013785084257400377,0.022032194100500987,0.9997138008752349,-0.009321950584988357,-0.013576964215112427,0.009622544018821065,0.9998615267572342,0.009623579566790266,0.013577381365639752,0.02203600837370888,0.5670778751373291,-0.7694295048713684,1.2960102558135986
31.35461711883545,-2.8605894462244987,-1.5153459919017043,-0.02259630355910503,42113.0,1.5703188180923462,2.7391324043273926,0.4048917889595032,0.0,1.684478759765625,2.6521999835968018,0.3824065625667572,-0.09226029286852971,-0.010882412639147309,-0.10562431517913941,0.004503618460148573,0.007123997434973717,0.011265091598033905,0.9999010562896729,0.9996446927644814,-0.022463785127579405,0.014348051628962485,0.022592120185494766,0.9997056302813498,-0.008845840225398905,-0.014145116942945029,0.009166850141191785,0.9998579321709457,0.009167895777261617,0.014145588688136798,0.02259630355910503,0.5581088066101074,-0.7866319417953491,1.2549549341201782
31.374491214752197,-2.8605894462244987,-1.5153459919017043,-0.02259630355910503,42114.0,1.5703188180923462,2.7391324043273926,0.4048917889595032,0.0,1.684478759765625,2.6521999835968018,0.3824065625667572,-0.09226029286852971,-0.010882412639147309,-0.10562431517913941,0.004503618460148573,0.007123997434973717,0.011265091598033905,0.9999010562896729,0.9996446927644814,-0.022463785127579405,0.014348051628962485,0.022592120185494766,0.9997056302813498,-0.008845840225398905,-0.014145116942945029,0.009166850141191785,0.9998579321709457,0.009167895777261617,0.014145588688136798,0.02259630355910503,0.4295335114002228,-0.7559887170791626,1.349590539932251
31.39466118812561,-2.8776427589375673,-1.7473193384298953,-0.02867175601667863,41435.0,1.5703188180923462,2.7391324043273926,0.4048917889595032,0.0,1.686155915260315,2.652618885040283,0.3868907690048218,-0.0823007984665728,-0.011548130005680866,-0.08810943001141124,-0.0048140473663806915,0.00530857453122735,0.014360490255057812,0.9998711943626404,0.9995311907051352,-0.028768392975574708,0.010477517510253762,0.028666170057077445,0.9995412025283009,0.009779322192101779,-0.010754045835567518,-0.009474387256235704,0.999897287967262,-0.009475076931334137,0.010754253129696354,0.02867175601667863,-0.05585067719221115,-0.7290598750114441,1.5209494829177856
31.414633989334106,-2.9959590006469186,-1.7919398447816037,-0.03299395033515101,40639.0,1.5703188180923462,2.7391324043273926,0.4048917889595032,0.0,1.6859694719314575,2.649815082550049,0.38982629776000977,-0.07898622232155772,-0.012784817286423108,-0.06364211211032905,-0.013495320454239845,0.0011359493946656585,0.016513017937541008,0.9997719526290894,0.9994520597431235,-0.03304916268846702,0.001825683658061371,0.03298784268719602,0.9990903931753267,0.02702200028894785,-0.0027170774874635444,-0.02694696848185949,0.999633171908358,-0.02695033026073224,0.0027170808306166373,0.03299395033515101,-1.060404896736145,-0.41124364733695984,1.7696348428726196
31.43502116203308,-2.840393921705699,-2.036460192684339,-0.0359152044490106,40122.0,1.5703188180923462,2.7391324043273926,0.4048917889595032,0.0,1.690258264541626,2.6510345935821533,0.387961745262146,-0.07305225389674644,-0.0061251860087722125,-0.04169306959496749,-0.019051918759942055,-0.007154060527682304,0.017822299152612686,0.9996340274810791,0.9992623701265931,-0.035358956928979286,-0.014981982975498406,0.03590415126009933,0.998638780060966,0.03783488972677781,0.01362378696528407,-0.038344896964786816,0.9991716876020279,-0.03835786147006582,-0.013624208446823627,0.0359152044490106,-1.9498236179351807,0.25321251153945923,1.981844186782837
31.455015182495117,-2.5468218170389387,-2.0793089476488937,-0.038759707589988264,39507.0,1.5703188180923462,2.7391324043273926,0.4048917889595032,0.0,1.69145929813385,2.6537349224090576,0.3882594406604767,-0.07288888961719024,0.004879434705674679,-0.0196023363764292,-0.021216530352830887,-0.012422957457602024,0.019115110859274864,0.9995149970054626,0.9989605654208825,-0.03768453253236986,-0.025644974981613895,0.0387388206557573,0.9983689428963496,0.041937544446791056,0.02402274980496439,-0.042887409199463905,0.9987910580416536,-0.04291295920701528,-0.024025060963359633,0.038759707589988264,-2.3438663482666016,1.1562955379486084,2.1452057361602783
31.474975109100342,-2.3812115555994673,-1.9627735014459387,-0.04020454625021133,37996.0,1.5703188180923462,2.7391324043273926,0.4048917889595032,0.0,1.6910988092422485,2.653172731399536,0.39178529381752014,-0.07832512987009412,0.013919701772527122,0.029168131005975786,-0.02178148925304413,-0.013245181180536747,0.019812094047665596,0.9994786977767944,0.9988640922717653,-0.03902653024879138,-0.027339625214011978,0.04018052927207691,0.998266095405193,0.04301543713466261,0.025613477653732206,-0.04406509617838717,0.9987002638736366,-0.04409384473278962,-0.02561627910221169,0.04020454625021133,-2.4877641201019287,1.4674845933914185,2.267486810684204
31.49505615234375,-2.0371824354102572,-1.6215203927543507,-0.0417299318309066,37137.0,1.5703188180923462,2.7391324043273926,0.4048917889595032,0.0,1.6853474378585815,2.655996322631836,0.3946475684642792,-0.08728815147403031,0.02631599090932006,0.055475572877328995,-0.021509042009711266,-0.012460722588002682,0.020595608279109,0.9994788765907288,0.9988411027545722,-0.04063370987551529,-0.02579443873750009,0.04170578257755936,0.9982263642621032,0.04248238919430258,0.024022471721776253,-0.043508933724182464,0.9987641831476343,-0.04353524409116126,-0.024024782799897816,0.0417299318309066,-2.5327601432800293,1.421445608139038,2.3433682918548584
31.51512598991394,-1.8568654667882687,-1.3367855820273635,-0.043611676080361615,36258.0,1.5703188180923462,2.7391324043273926,0.4048917889595032,0.0,1.6809885501861572,2.655917167663574,0.39957165718078613,-0.0951811050434669,0.034981909649680225,0.0793585356428331,-0.020452024415135384,-0.0129248620942235,0.021539101377129555,0.9994752407073975,0.9987380301375433,-0.04252691672698255,-0.026717195037576597,0.043584275078846886,0.9982355636660838,0.040325803130344076,0.02495512217623914,-0.041439362759967166,0.9988293253059888,-0.0414641525050501,-0.02495771306988678,0.043611676080361615,-2.4306113719940186,1.412837028503418,2.4422850608825684
31.535362005233765,-1.821344992311789,-1.1330250750848596,-0.045283357354598826,35170.0,1.5703188180923462,2.7391324043273926,0.4048917889595032,0.0,1.6785756349563599,2.653364658355713,0.4064513146877289,-0.10166962407411158,0.04024220615131524,0.10781572672262019,-0.01997656188905239,-0.013161428272724152,0.022375717759132385,0.9994633793830872,0.9986522081288431,-0.04420158055084897,-0.02720271082434174,0.04525326089061621,0.998200528469956,0.03934269107555453,0.025414751192010025,-0.04052067668619939,0.9988554275683448,-0.04054487699567401,-0.025417487926078782,0.045283357354598826,-2.346004009246826,1.4368996620178223,2.5520246028900146
31.555845022201538,-1.4168324224025854,-1.0422974054278464,-0.0467294568692153,34649.0,1.5703188180923462,2.7391324043273926,0.4048917889595032,0.0,1.6778277158737183,2.658200740814209,0.41157740354537964,-0.10589618033517847,0.05306761982604069,0.1187134911981968,-0.020022157579660416,-0.013482077047228813,0.023091262206435204,0.999441921710968,0.9985700544370884,-0.045616869746795644,-0.027873779363662424,0.04669663081574606,0.9981318136581504,0.0393993303743766,0.026024431827960593,-0.04064460306111058,0.9988346936255451,-0.04066958418667369,-0.02602737032267305,0.0467294568692153,-2.3252718448638916,1.4706141948699951,2.6368794441223145
31.575810194015503,-1.3160989166851464,-0.8816056387208332,-0.04805619303142606,34127.0,1.5703188180923462,2.7391324043273926,0.4048917889595032,0.0,1.6754751205444336,2.656296730041504,0.41829878091812134,-0.11054394325948227,0.06064205115446219,0.12733967550117184,-0.02027171477675438,-0.014725811779499054,0.023724723607301712,0.9994045495986938,0.9984405760831467,-0.046824153442343516,-0.030395964948687022,0.04801822313812036,0.9980523903503071,0.039820552013952716,0.028472201836381092,-0.041218015120164396,0.9987444162307704,-0.04124642651974683,-0.028476050149389098,0.04805619303142606,-2.325441598892212,1.539766788482666,2.7173938751220703
31.596113204956055,-1.182194346682271,-0.6605569894066627,-0.04890066955464079,32943.0,1.5703188180923462,2.7391324043273926,0.4048917889595032,0.0,1.672979712486267,2.6578338146209717,0.42681175470352173,-0.11811362070166843,0.06452326729708857,0.1569021592668019,-0.019880127161741257,-0.01751812733709812,0.02409360744059086,0.9993584752082825,0.9982252265336404,-0.047459777902469844,-0.035971747153987835,0.048852828343252636,0.9980485571868738,0.03889059860768578,0.03405581117411373,-0.04057889819410667,0.9985957914725183,-0.04061361455744617,-0.03406239759071203,0.04890066955464079,-2.36149263381958,1.8000890016555786,2.7786777019500732
31.616111993789673,-0.8996473510898458,-0.5892074135421792,-0.049560863769035686,32681.0,1.5703188180923462,2.7391324043273926,0.4048917889595032,0.0,1.6732573509216309,2.659769296646118,0.4322351813316345,-0.1227551501642553,0.07557701105079391,0.1580715528932792,-0.018868327140808105,-0.01914875954389572,0.024407794699072838,0.9993405938148499,0.9980751692311324,-0.0480607874954217,-0.03919333195285053,0.04950600765843645,0.9980964916759858,0.03677701061548499,0.03735119502732474,-0.03864652648568279,0.998554622552328,-0.038683159611037396,-0.03735988533284153,0.049560863769035686,-2.2854442596435547,2.0640902519226074,2.823484182357788
31.636500120162964,-0.9635943269600523,-0.6448588835053575,-0.049560863769035686,32481.0,1.5703188180923462,2.7391324043273926,0.4048917889595032,0.0,1.675215721130371,2.6577322483062744,0.4369434118270874,-0.12667272206270305,0.07899948311938176,0.15753490709986454,-0.017293734475970268,-0.019415847957134247,0.024368219077587128,0.9993649125099182,0.998058429662831,-0.04803393704232248,-0.03964986596670821,0.04937702700244631,0.9982142334488361,0.033619240689701915,0.037964196071606914,-0.035511759071702176,0.9986479033094046,-0.03554486227628083,-0.03797332149862632,0.04943277843769183,-2.118522882461548,2.1918187141418457,2.8407976627349854
31.656599044799805,-0.5302211845678229,-0.5193626408939326,-0.04848121147143527,32637.0,1.5703188180923462,2.7391324043273926,0.4048917889595032,0.0,1.67601478099823,2.662735939025879,0.43928614258766174,-0.13132153961591084,0.08937326216215359,0.14852457456178855,-0.016404403373599052,-0.017460402101278305,0.023944318294525146,0.9994261860847473,0.9982436079630851,-0.04728830237477788,-0.03568635060291371,0.048434012289137074,0.9983151303459382,0.03195382568563833,0.034115181582665244,-0.033626135384311084,0.9988520598190194,-0.03365207155171601,-0.03412180251824948,0.04848121147143527,-1.9507778882980347,2.1407289505004883,2.807838201522827
31.67654514312744,-0.5235180809163837,-0.3463548772674374,-0.04715192525913503,32562.0,1.5703188180923462,2.7391324043273926,0.4048917889595032,0.0,1.6746253967285156,2.661303758621216,0.446401983499527,-0.13792758485748904,0.09141242003866176,0.14005863036418773,-0.0170121006667614,-0.011813901364803314,0.023371510207653046,0.9995123147964478,0.9986284085928441,-0.04631826251484858,-0.024411474943748714,0.0471221795718937,0.9983287220079693,0.03345538830037651,0.022821081125089182,-0.034559823083174755,0.9991420403950291,-0.034575714692334565,-0.022823062465946824,0.04715192525913503,-1.9369200468063354,1.6691726446151733,2.738744020462036
31.69655203819275,-0.07838754285160071,-0.15310073722947898,-0.046621405532862044,32915.0,1.5703188180923462,2.7391324043273926,0.4048917889595032,0.0,1.6705193519592285,2.6668028831481934,0.4522387683391571,-0.14247142107174662,0.10493592265228832,0.11838141622848788,-0.017916956916451454,-0.00538084888830781,0.023215023800730705,0.9995554685592651,0.9988642183191122,-0.04621658912570819,-0.011588798528517576,0.046602222859973334,0.9982800907234184,0.03556814993436003,0.009925028274946039,-0.036067816052946816,0.9993000582702437,-0.036077418401480245,-0.00992519122828348,0.046621405532862044,-2.044213056564331,0.934682309627533,2.6760616302490234
31.716716051101685,0.18649504193421368,-0.1853761442177663,-0.047132148313522464,33623.0,1.5703188180923462,2.7391324043273926,0.4048917889595032,0.0,1.672939419746399,2.670996904373169,0.45616549253463745,-0.14511172130937416,0.1119543438309126,0.0868404210198514,-0.015768803656101227,-0.001604128279723227,0.023541465401649475,0.9995971918106079,0.9988864523304214,-0.047013376227098634,-0.003949405838089214,0.04711455696517041,0.9983942884356373,0.03144937743538348,0.0024645228179849222,-0.03160043156076785,0.9994975431948059,-0.031605789240543046,-0.0024645253128580606,0.047132148313522464,-1.9813846349716187,0.2967800199985504,2.6833035945892334
31.73692512512207,0.38298998339890616,-0.10977240652535479,-0.048116243238101805,34048.0,1.5703188180923462,2.7391324043273926,0.4048917889595032,0.0,1.6683117151260376,2.6739938259124756,0.4640124440193176,-0.14242812401795174,0.11709919376775128,0.0594309226390894,-0.011217765510082245,-0.001831814064644277,0.024036671966314316,0.9996464848518372,0.9988377657742393,-0.04801524915137186,-0.004201608270345874,0.048097444589796375,0.9985928003459641,0.022339537173740476,0.0031230573253179664,-0.022515660020020496,0.9997416124013272,-0.02251767269009463,-0.003123062402123449,0.048116243238101805,-1.5607932806015015,0.09787338227033615,2.725027084350586
31.75690197944641,0.6578080701627549,-0.07421331948478907,-0.04956240768971223,34377.0,1.5703188180923462,2.7391324043273926,0.4048917889595032,0.0,1.666792631149292,2.6785361766815186,0.4694990813732147,-0.1426340704648341,0.12392819097701206,0.03913192344623904,-0.006969153415411711,-0.0052159633487463,0.024741962552070618,0.9996560215950012,0.9987212581607469,-0.04939419698673145,-0.010773198311129944,0.04953960036710549,0.9986785325137434,0.013675404625222556,0.010083476249907289,-0.014191617252168522,0.9998484492694308,-0.014192815269998755,-0.010083647133143598,0.04956240768971223,-1.0363296270370483,0.3467159867286682,2.7991182804107666
31.776978015899658,0.6313046399909142,-0.24921540719976448,-0.050615830436361246,34778.0,1.5703188180923462,2.7391324043273926,0.4048917889595032,0.0,1.6688004732131958,2.6793792247772217,0.47165510058403015,-0.13687468923554102,0.12178501845363676,0.02141020105242385,-0.00457898061722517,-0.008585866540670395,0.025263428688049316,0.9996334910392761,0.9985760841922954,-0.05042970770916804,-0.01739680026756928,0.05058696576854415,0.9986815842694499,0.008720787544368102,0.016934077285579042,-0.009588421216745769,0.9998106316723464,-0.009589943306984856,-0.01693488673443006,0.050615830436361246,-0.6518383622169495,0.7982099056243896,2.8737564086914062
31.797195196151733,0.7286334759299621,-0.16120973466445812,-0.05090147499552621,35278.0,1.5703188180923462,2.7391324043273926,0.4048917889595032,0.0,1.6682543754577637,2.6814537048339844,0.47365543246269226,-0.14070691450638692,0.12331265023085519,0.0003763135421592206,-0.0036929042544215918,-0.009433603845536709,0.025409985333681107,0.9996258020401001,0.9985306795891937,-0.050731277021721415,-0.019047820108566635,0.05087062659898798,0.998681390262246,0.006903628994509288,0.018672473552512857,-0.007862459895786609,0.9997947391619031,-0.00786391197386111,-0.018673558784177716,0.05090147499552621,-0.5023339986801147,1.0706950426101685,2.9150004386901855
31.81733512878418,0.9465071388321784,-0.20262680070791972,-0.0509045684139667,36511.0,1.5703188180923462,2.7391324043273926,0.4048917889595032,0.0,1.6690913438796997,2.6850616931915283,0.4755878746509552,-0.1404486089306441,0.12888562916286714,-0.046857853141335254,-0.0036704300437122583,-0.006607918068766594,0.025423826649785042,0.9996482133865356,0.9986199289947748,-0.05078125502207373,-0.013397818958851351,0.050878270620458535,0.9986803140402603,0.007002280137105057,0.013024553471901887,-0.007674274352029722,0.9998857267308237,-0.007675000712856657,-0.013024921745371856,0.0509045684139667,-0.4378758668899536,0.9607849717140198,2.9187443256378174
31.83736515045166,0.768201568119924,-0.44499502103527183,-0.05056441936322574,38060.0,1.5703188180923462,2.7391324043273926,0.4048917889595032,0.0,1.6726266145706177,2.684176445007324,0.4738806188106537,-0.13318173705006026,0.1219194915535546,-0.09992115093355908,-0.004038602579385042,-0.0019418762531131506,0.02527174912393093,0.9996705651283264,0.9987151356016192,-0.050511163469583946,-0.004086598241605921,0.0505425333359498,0.9986900567463262,0.007976395176030923,0.0036783480291743558,-0.008172693617698824,0.999959837610895,-0.00817283989179127,-0.0036783563240493896,0.05056441936322574,-0.40966153144836426,0.537721574306488,2.9024882316589355
31.857397079467773,0.9594761392294789,-0.8094916200400036,-0.05062761445002427,39068.0,1.5703188180923462,2.7391324043273926,0.4048917889595032,0.0,1.6812031269073486,2.6869149208068848,0.4726525843143463,-0.1283315044317241,0.12828681943406622,-0.13426957517222546,-0.005038528237491846,0.0018018254777416587,0.02532036602497101,0.9996650815010071,0.9987112650165716,-0.05064192713767323,0.0033472891691361706,0.05060561294454815,0.9986669846343802,0.010164926944217757,-0.003857598670909386,-0.009982435427153966,0.999942733317982,-0.009982675503746213,0.0038576082385044946,0.05062761445002427,-0.5296142101287842,-0.07186732441186905,2.8989322185516357
31.877459049224854,1.0583452429391125,-0.9244032079300776,-0.04993486901413902,39529.0,1.5703188180923462,2.7391324043273926,0.4048917889595032,0.0,1.6827582120895386,2.689434289932251,0.47397029399871826,-0.12513786195709029,0.12970551169798872,-0.1529813757810875,-0.002457037102431059,0.0005812871968373656,0.024966329336166382,0.9996851086616516,0.9987526890205797,-0.04991979134943273,0.0010395219047245672,0.04991407837264499,0.9987412907476473,0.004941551976143155,-0.0012848946924765106,-0.004883501546285432,0.999987250147859,-0.004883524988534791,0.0012848950460271913,0.04993486901413902,-0.4720701575279236,-0.2071312665939331,2.8820643424987793
31.8975989818573,1.1888709515070102,-0.9799187720486445,-0.049367338523001854,40423.0,1.5703188180923462,2.7391324043273926,0.4048917889595032,0.0,1.6825038194656372,2.6923296451568604,0.47165921330451965,-0.12227463406084652,0.13199308180983163,-0.1816526235898304,0.0006693415343761444,-0.002504672622308135,0.024682611227035522,0.9996920228004456,0.9987689907508098,-0.049353367456627585,-0.004974759823350817,0.04934666153158774,0.9987806414834351,-0.0014619143698859562,0.005040844204679455,0.0012146269505712685,0.9999865571951831,0.0012146426814396373,-0.005040865552991434,0.049367338523001854,-0.10139607638120651,0.09868759661912918,2.848400115966797
31.917702198028564,1.331967315003661,-1.2633640423843828,-0.0485759025118098,40674.0,1.5703188180923462,2.7391324043273926,0.4048917889595032,0.0,1.6880996227264404,2.696594715118408,0.46646809577941895,-0.11681132021648936,0.13339358749219118,-0.18295786779631076,0.0023619970306754112,-0.0047224778681993484,0.024295957759022713,0.9996908903121948,0.9987748093406625,-0.048599201786253425,-0.009327261777289379,0.048554583873701006,0.9988082548734568,-0.004952007824236345,0.00955680968601947,0.004493059356227763,0.9999442383484424,0.004493279671248657,-0.0095569551667296,0.0485759025118098,0.194587841629982,0.4361923038959503,2.8054425716400146
31.937902212142944,1.49630244286733,-1.120870892446224,-0.04750556001686339,40351.0,1.5703188180923462,2.7391324043273926,0.4048917889595032,0.0,1.684705138206482,2.7008323669433594,0.4679909348487854,-0.11915196019306552,0.1348421522106149,-0.17385696720507224,0.0027526025660336018,-0.005827912129461765,0.02376544661819935,0.9996967911720276,0.9988024779890035,-0.04754856472576297,-0.011521456311859848,0.047484397023011556,0.9988552534661685,-0.005780541704466563,0.011783123626066956,0.005226529972744346,0.9999169172396558,0.005226916641908443,-0.011783396308517304,0.04750556001686339,0.26542603969573975,0.618446946144104,2.7597923278808594
31.95802402496338,1.3698138565298257,-1.1468208467827938,-0.04612277541835851,41499.0,1.5703188180923462,2.7391324043273926,0.4048917889595032,0.0,1.6836179494857788,2.701280355453491,0.46784138679504395,-0.11582649597820556,0.12783971899395,-0.21481495386487948,0.0027355882339179516,-0.005930805113166571,0.02307441644370556,0.9997124075889587,0.9988647936953587,-0.04616801003147825,-0.01173195489514608,0.04610311306772969,0.9989201757088282,-0.005743302822231249,0.011984443307577959,0.005195903345621563,0.9999146842141236,0.0051962999061628,-0.01198473020749087,0.04612277541835851,0.2787286043167114,0.6806710362434387,2.6825640201568604
31.97805404663086,1.3599668049620983,-1.2595711939134397,-0.04457269075095376,42055.0,1.5703188180923462,2.7391324043273926,0.4048917889595032,0.0,1.6877412796020508,2.701136589050293,0.46470946073532104,-0.11624754825139623,0.12773072181349174,-0.23013287203037872,0.003475226927548647,-0.006183374207466841,0.022304819896817207,0.9997260570526123,0.9989285217914116,-0.04464039631081635,-0.012208331943334283,0.04455444179709001,0.9989808356199091,-0.007224387883946212,0.012518389184519732,0.0066727116947493306,0.9998993773629743,0.00667328412656555,-0.012518716167181846,0.04457269075095376,0.32051798701286316,0.7025130987167358,2.6025402545928955
31.998493194580078,1.5313688203732747,-0.9301716849834643,-0.04274973971988674,41823.0,1.5703188180923462,2.7391324043273926,0.4048917889595032,0.0,1.6808820962905884,2.705829620361328,0.4632532000541687,-0.12265110873771373,0.12844028600051519,-0.21976438182203278,0.005353856831789017,-0.006549897138029337,0.021407201886177063,0.9997350573539734,0.9989976611279444,-0.042873194056691995,-0.012867101160476372,0.04273292521307535,0.9990261358665151,-0.010985306475151424,0.013325545528435666,0.010424446603850225,0.999856870131607,0.010425561124526531,-0.013325939929835069,0.04274973971988674,0.48376375436782837,0.7571001052856445,2.501368284225464
32.01860308647156,1.564558291541575,-1.004818226594269,-0.04274973971988674,41992.0,1.5703188180923462,2.7391324043273926,0.4048917889595032,0.0,1.6833207607269287,2.7070412635803223,0.4591175317764282,-0.12104354383507242,0.12291996072568309,-0.20446696346256713,0.005353856831789017,-0.006549897138029337,0.021407201886177063,0.9997350573539734,0.9989976611279444,-0.042873194056691995,-0.012867101160476372,0.04273292521307535,0.9990261358665151,-0.010985306475151424,0.013325545528435666,0.010424446603850225,0.999856870131607,0.010425561124526531,-0.013325939929835069,0.04274973971988674,0.6368904709815979,0.7669999599456787,2.4001922607421875
32.03864502906799,1.592715059717807,-0.7909919803841586,-0.03894229340582234,41085.0,1.5703188180923462,2.7391324043273926,0.4048917889595032,0.0,1.6785465478897095,2.7103934288024902,0.4625358581542969,-0.12592239550313958,0.12422360285055319,-0.19257025041665354,0.006086799316108227,-0.008054710924625397,0.019517365843057632,0.9997585415840149,0.9991083881218473,-0.039123361375144425,-0.01586793557064107,0.0389272517386748,0.9991640466063696,-0.012485072737403584,0.016343128728551287,0.011856245775719898,0.9997961450113056,0.011858107384000328,-0.016343856351786347,0.03894229340582234,0.6671140193939209,0.847283124923706,2.287693738937378
32.058831214904785,1.43139073132679,-0.7226196889230361,-0.037179585540796894,40510.0,1.5703188180923462,2.7391324043273926,0.4048917889595032,0.0,1.6767535209655762,2.7102749347686768,0.4648887515068054,-0.12620635201369684,0.11614930610629454,-0.1755938674671445,0.007499882485717535,-0.009904651902616024,0.018660735338926315,0.999748706817627,0.9991073496994024,-0.037460657617096056,-0.01952441823796094,0.037163522730684066,0.9991910574792257,-0.015365651037062281,0.02008423149841804,0.014626338723055327,0.9996912992822717,0.014629811442957257,-0.020085581994255617,0.037179585540796894,0.7293847799301147,1.0483659505844116,2.180881977081299
32.078872203826904,1.5180213174390071,-0.9607740489175122,-0.036011358286369755,40550.0,1.5703188180923462,2.7391324043273926,0.4048917889595032,0.0,1.683395266532898,2.7130584716796875,0.4627811312675476,-0.1243398253243675,0.116692320277446,-0.17383125562402246,0.009652135893702507,-0.011555134318768978,0.0181133933365345,0.9997225999832153,0.9990767677578544,-0.03643979874578559,-0.02275419068841794,0.035993671864262965,0.9991574825568991,-0.019717521048238377,0.0234535223846229,0.018880310323895675,0.999546630312877,0.018886627996550914,-0.023455673087930416,0.036011358286369755,0.9705084562301636,1.2533596754074097,2.085078716278076
32.09897708892822,1.8168369726782707,-0.5545189264499867,-0.03560138435779584,39162.0,1.5703188180923462,2.7391324043273926,0.4048917889595032,0.0,1.6756815910339355,2.7209458351135254,0.4665180444717407,-0.13356919441015372,0.11905101296595146,-0.13004295607031877,0.010539017617702484,-0.01145610585808754,0.017917891964316368,0.9997183084487915,0.9990954136268422,-0.03606715931721139,-0.02252808222188866,0.03558421494048438,0.9991357565625782,-0.021482634968595475,0.023283430092636528,0.020661557949762765,0.9995153735216933,0.020668632279205255,-0.023285534334226043,0.03560138435779584,1.13603675365448,1.375494360923767,2.049297332763672
32.11910605430603,1.6020659158945476,-0.7425593918174032,-0.036016931783578295,38515.0,1.5703188180923462,2.7391324043273926,0.4048917889595032,0.0,1.6807953119277954,2.719514846801758,0.46801328659057617,-0.13149530133813295,0.11081462837790759,-0.10950187092359277,0.010195635259151459,-0.009282151237130165,0.018100671470165253,0.9997411370277405,0.9991724147915628,-0.03638124352908821,-0.01819039963481311,0.03600269384740874,0.999136829501079,-0.020722016558762817,0.018928590949322904,0.020049963935355603,0.9996197814123449,0.0200549010839113,-0.018929721457320782,0.036016931783578295,1.1976767778396606,1.2170079946517944,2.0454373359680176
32.13908815383911,1.577817306186561,-1.056585021334073,-0.03706703245961549,38200.0,1.5703188180923462,2.7391324043273926,0.4048917889595032,0.0,1.6880961656570435,2.721656322479248,0.4667356014251709,-0.12679663956831147,0.1070085728200399,-0.09667387832742864,0.009303328581154346,-0.0072113946080207825,0.018598848953843117,0.9997577667236328,0.9992041572628803,-0.037322864892117474,-0.014073232209484048,0.03705450501541223,0.9991350618464093,-0.018870396053996992,0.0147653569763858,0.018333901532861456,0.9997228877483716,0.018336927992622383,-0.014765893542465228,0.03706703245961549,1.0784019231796265,0.9448739290237427,2.0887322425842285
32.15931415557861,1.3320396332572453,-1.41064272340483,-0.03849772423034569,37738.0,1.5703188180923462,2.7391324043273926,0.4048917889595032,0.0,1.6962089538574219,2.7196316719055176,0.4654102623462677,-0.12091871939629932,0.09851838789043194,-0.07838075038458481,0.010189946740865707,-0.005959632806479931,0.01930832304060459,0.9997438788414001,0.9991833428656101,-0.03872821273185482,-0.011522711421403053,0.03848529936508969,0.9990467072810271,-0.0206048150614663,0.012309714565503196,0.020144532993693332,0.9997212955207976,0.020147422416390254,-0.012310025466642269,0.03849772423034569,1.0721052885055542,0.7650474309921265,2.1671509742736816
32.17933511734009,1.2240591155881266,-1.6068432988228145,-0.039640444007247484,37375.0,1.5703188180923462,2.7391324043273926,0.4048917889595032,0.0,1.7006195783615112,2.72013783454895,0.4646526873111725,-0.11759756762920968,0.09283069573435644,-0.06434282987141605,0.012496741488575935,-0.005221349652856588,0.019884852692484856,0.9997105598449707,0.9991546603177979,-0.03988869247871767,-0.009942684625612569,0.03962769306231343,0.9988968482173232,-0.025193899342046865,0.010936668038537906,0.024778596284624466,0.999633137935302,0.02478261505525524,-0.010936886074041313,0.039640444007247484,1.2955666780471802,0.6530104279518127,2.238859176635742
32.19945311546326,1.1896392002067788,-1.8606736724273574,-0.04083703478867672,37308.0,1.5703188180923462,2.7391324043273926,0.4048917889595032,0.0,1.7059773206710815,2.722177743911743,0.46379202604293823,-0.11296002568392659,0.08866252347465449,-0.0606979553312611,0.014055056497454643,-0.005879026837646961,0.020500609651207924,0.9996737837791443,0.9990903241461762,-0.041153101821469786,-0.011177942921686324,0.04082258162274504,0.9987643608514287,-0.028341988686248563,0.012330491764039924,0.027859894176196408,0.9995357848868385,0.02786561844269975,-0.012330804242191835,0.04083703478867672,1.6176698207855225,0.865942120552063,2.3573193550109863
32.21971797943115,1.1216751932546218,-1.810496820994947,-0.04132399602139907,37189.0,1.5703188180923462,2.7391324043273926,0.4048917889595032,0.0,1.70509672164917,2.723623275756836,0.4642895460128784,-0.11403624218329576,0.08303935655313015,-0.057204032206203445,0.014332541264593601,-0.009226283058524132,0.020792124792933464,0.9996384978294373,0.9989651264793435,-0.04183368958912884,-0.017849887771904376,0.041304745250486545,0.9987245315956442,-0.02903838853747725,0.019041903736275352,0.028271052410928997,0.9994189079148327,0.028279948620217172,-0.019043054671064815,0.04132399602139907,1.598750352859497,1.3095703125,2.37322998046875
32.24015021324158,1.2987451439364348,-1.4381048818495281,-0.041607773957298054,36646.0,1.5703188180923462,2.7391324043273926,0.4048917889595032,0.0,1.697597622871399,2.729644536972046,0.4674527049064636,-0.12177631071947174,0.08210381040113662,-0.0425889863345916,0.014067377895116806,-0.012665383517742157,0.02097744680941105,0.9996007680892944,0.9987990696337418,-0.04229447916366364,-0.024730457558368803,0.04158180425612871,0.9987241112752471,-0.028654896828866006,0.0259108481832775,0.027592147247765635,0.9992833939162007,0.02760492004919463,-0.025913748362783515,0.041607773957298054,1.5162780284881592,1.5893863439559937,2.403690814971924
32.26019906997681,1.5324574275093517,-1.367647814966325,-0.04232110703368445,36387.0,1.5703188180923462,2.7391324043273926,0.4048917889595032,0.0,1.6957707405090332,2.7359061241149902,0.46690884232521057,-0.12309851959081994,0.0842868378926163,-0.03268753638474952,0.013028394430875778,-0.013992788270115852,0.021336687728762627,0.9995895028114319,0.9986978952215402,-0.04302046676808019,-0.027418123916889983,0.04229125248388216,0.9987500133475868,-0.026643213048346336,0.028530055089500926,0.025448973992119,0.9992689256047835,0.025462088759874543,-0.028533926914355343,0.04232110703368445,1.4492311477661133,1.6554759740829468,2.435157060623169
32.2803680896759,1.4532050442800037,-1.3445164633401947,-0.04271481651060207,36305.0,1.5703188180923462,2.7391324043273926,0.4048917889595032,0.0,1.6976797580718994,2.737931489944458,0.47029367089271545,-0.12697963172664178,0.07726601310054207,-0.03505633815376245,0.012808544561266899,-0.013987732119858265,0.021530259400606155,0.9995883107185364,0.9986815826376443,-0.0434011136903345,-0.027412402864556967,0.0426844637715558,0.9987447783061079,-0.02620886031131918,0.028515487947865324,0.025004222377873704,0.9992805691147872,0.025017003863909124,-0.028519353843563543,0.04271481651060207,1.4035745859146118,1.5546149015426636,2.4667553901672363
32.30057621002197,1.7590077439294372,-1.281406718129256,-0.04353362197941085,36576.0,1.5703188180923462,2.7391324043273926,0.4048917889595032,0.0,1.6970773935317993,2.745992660522461,0.4726775586605072,-0.12995581960314206,0.08036500818128997,-0.04867356540575987,0.012379205785691738,-0.011918516829609871,0.02190951071679592,0.9996122717857361,0.9987558446138001,-0.044097114386934484,-0.023285346304500784,0.04350694730660417,0.9987334572292323,-0.025271069368065096,0.02437023565407772,0.02422655389630984,0.9994094084510481,0.024236123884411008,-0.024372648580229004,0.04353362197941085,1.3620458841323853,1.1873469352722168,2.523236036300659
32.32071614265442,1.8593398274832438,-1.3084769995421819,-0.04425728346466613,36295.0,1.5703188180923462,2.7391324043273926,0.4048917889595032,0.0,1.697756052017212,2.7501134872436523,0.47860997915267944,-0.12990918698269274,0.0792988710380654,-0.0479625124404181,0.01217032689601183,-0.008428378030657768,0.022228578105568886,0.9996433258056641,0.9988697055668723,-0.04464644980597006,-0.01630968486737209,0.044236145360237455,0.9987155469724333,-0.024706672767114735,0.017391801068835047,0.02395726936185222,0.9995616911928477,0.02396318676667184,-0.01739267795162654,0.04425728346466613,1.4076311588287354,0.8297609090805054,2.545926809310913
32.34070420265198,1.792147327170879,-1.5058933681524413,-0.04453229801302943,36871.0,1.5703188180923462,2.7391324043273926,0.4048917889595032,0.0,1.7031230926513672,2.7514426708221436,0.4763428270816803,-0.1279754936400945,0.07440506644027005,-0.06540064052378793,0.012841679155826569,-0.006090790964663029,0.02234303206205368,0.9996493458747864,0.9989273824019871,-0.044826825292566104,-0.011603465934966984,0.044513961369161616,0.9986717604322983,-0.02594652497500873,0.012751154094393603,0.02540217804133575,0.9995959870967956,0.025406976728064492,-0.012751499658805121,0.04453229801302943,1.5068010091781616,0.6952495574951172,2.5545740127563477
32.36085605621338,1.9478435412124786,-1.663777994897998,-0.04451052334602968,37048.0,1.5703188180923462,2.7391324043273926,0.4048917889595032,0.0,1.7061551809310913,2.7568721771240234,0.4781228303909302,-0.12498158279217236,0.0743876166854438,-0.07451851168314569,0.013916858471930027,-0.006005467381328344,0.022337857633829117,0.9996355772018433,0.9989299089682233,-0.04482658837414485,-0.011384811964720538,0.04449227941963447,0.998614682349386,-0.028091871925525914,0.012628303163221635,0.027555274830238247,0.9995405108289748,0.027560961384051577,-0.012628638835066729,0.04451052334602968,1.6594282388687134,0.8751682043075562,2.5401554107666016
32.381093978881836,1.8241776373004444,-1.6453999473810965,-0.04400162467864683,37463.0,1.5703188180923462,2.7391324043273926,0.4048917889595032,0.0,1.7061551809310913,2.7568721771240234,0.4781228303909302,-0.12557622132473978,0.06812978571316126,-0.08930700456397352,0.015477845445275307,-0.008946841582655907,0.022137362509965897,0.9995951056480408,0.9988597824680152,-0.04453375197079368,-0.01720115994208891,0.043979840672272105,0.9985407470325969,-0.03133927456124521,0.01857171457865574,0.030547036697319452,0.999360780682643,0.030557061167084534,-0.01857278233501394,0.04400162467864683,1.8246204853057861,1.234932541847229,2.504840135574341
32.4009690284729,1.7592615021444902,-1.472971751203303,-0.04335168289109102,37540.0,1.5703188180923462,2.7391324043273926,0.4048917889595032,0.0,1.7029025554656982,2.758054733276367,0.4825374186038971,-0.12910836707926684,0.06268872735174419,-0.09869659294197658,0.0165465846657753,-0.011601465754210949,0.0218645129352808,0.9995567202568054,0.9987746982277621,-0.044093567536698734,-0.02246907835069175,0.043325709054740695,0.9984963073364007,-0.03358581799623288,0.023916210296510143,0.03257117648256978,0.9991832331197289,0.03258626232091617,-0.0239184908362705,0.04335168289109102,1.8246204853057861,1.234932541847229,2.504840135574341
32.421149015426636,2.1916985558714948,-1.327724925449199,-0.04250820807962216,38392.0,1.5703188180923462,2.7391324043273926,0.4048917889595032,0.0,1.6990758180618286,2.7723073959350586,0.48164182901382446,-0.13146607905818264,0.0625445587611149,-0.12795210050878517,0.01614941656589508,-0.012676972895860672,0.021454688161611557,0.9995589852333069,0.9987579814007251,-0.043299905043657154,-0.02464980347911884,0.04248100216120176,0.9985577853690684,-0.03282855059550613,0.026035726295397972,0.03174062857020962,0.9991569813869287,0.03175672933268479,-0.02603866861842405,0.04250820807962216,1.7133362293243408,1.449936032295227,2.4264612197875977
